2 2 5
Mariya Emily cpu1 cpu2 
-1 end 
-1 end 
-1 end 
-1 end 
13 1 5 3 8 end 
5 1 2 11 12 6 
-1 end 
-1 end 
-1 end 
-1 end 
5 5 8 7 3 end 
5 4 1 8 9 12 
-1 end 
-1 end 
-1 end 
-1 end 
8 1 3 5 2 end 
5 1 9 11 12 7 
-1 end 
-1 end 
-1 end 
-1 end 
4 3 2 3 5 end 
5 13 11 9 9 4 
-1 end 
-1 end 
-1 end 
-1 end 
2 9 8 11 4 12 11 12 8 8 5 13 13 3 10 8 11 12 7 4 7 9 12 11 2 1 6 9 11 5 3 4 4 9 7 6 12 1 5 6 3 10 1 10 5 6 12 2 7 13 10 8 10 4 2 9 7 4 12 2 11 1 4 9 11 7 13 8 2 8 11 3 7 2 9 9 7 6 12 3 9 7 8 4 11 6 4 11 5 13 10 13 4 13 5 6 13 1 10 13 3 9 8 2 3 8 13 12 11 4 5 11 1 9 13 10 3 1 10 4 1 5 end 
